39 70 44 75 77 33 83 48 69 76 76 35 55 68 65 43 57 76 51 72 61 72 80 60 72
46 53 74 42 77 56 63 56 49 86 63 36 75 34 60 73 57 35 45 48 41 70 63 70 41
85 39 56 75 69 52 97 35 81 39 49 47 64 64 59 49 63 36 42 52 71 58 60 54 66
33 88 65 56 33 67 70 46 63 55 53 53 54 61 34 68 98 31 62 49 50 59 58 76 44
47 73 59 61 14 80 57 52 78 62 56 70 62 38 33 27 43 60 61 45 40 51 60 29 64
68 79 44 46 47 87 71 46 66 47 44 41 59 38 53 65 51 64 78 46 64 40 78 78 71
45 40 35 48 75 48 66 33 46 37 62 57 32 47 62 43 68 62 65 65 46 65 79 59 55
82 74 51 50 63 36 41 73 54 71 60 83 33 59 54 72 45 32 39 52 49 55 51 64 67
48 52 63 43 64 65 37 48 59 71 88 33 60 58 49 61 85 69 29 59 40 69 46 50 83
91 66 87 54 49 52 73 72 68 11 59 31 47 50 59 38 75 34 25 39 50 44 68 27 79
77 64 54 40 68 88 74 48 47 54 66 22 32 57 30 37 51 61 63 56 61 57 66 71 66
59 47 47 47 62 66 67 55 50 42 71 62 70 55 46 47 77 61 81 75 59 45 87 39 47
57 46 35 53 72 54 71 41 65 26 47 86 60 58 27 59 57 33 31 69 58 51 66 76 57
55 64 43 70 65 66 51 52 94 67 59 55 72 36 53 33 48 72 63 17 36 74 72 60 84
63 26 50 71 41 47 14
